   A.tp1=0.0075;
   A.tp2=0.023;
   A.ftp=0.1;
   A.lstop = 0.0387;
   A.adxth=13;
   A.rsiobos=69.04;
